1.303263e+02 3.364150e+01
1.303150e+02 3.365531e+01
>>
1.303630e+02 3.361100e+01
1.303312e+02 3.363657e+01
>>
1.304481e+02 3.354165e+01
1.304275e+02 3.355819e+01
1.304033e+02 3.357673e+01
1.303799e+02 3.360216e+01
>>
1.304493e+02 3.354068e+01
1.304732e+02 3.352417e+01
1.304900e+02 3.351062e+01
>>
1.304850e+02 3.352125e+01
1.304983e+02 3.350771e+01
1.305081e+02 3.349035e+01
1.305251e+02 3.346821e+01
>>
1.302141e+02 3.411577e+01
1.301903e+02 3.413297e+01
1.301316e+02 3.418921e+01
>>
1.304027e+02 3.393469e+01
1.303549e+02 3.396067e+01
1.303458e+02 3.396809e+01
1.303328e+02 3.398039e+01
1.303212e+02 3.398819e+01
1.302945e+02 3.399995e+01
1.302852e+02 3.401175e+01
1.302646e+02 3.402724e+01
1.302479e+02 3.404383e+01
1.302317e+02 3.406321e+01
1.302324e+02 3.406892e+01
1.302255e+02 3.408646e+01
1.302068e+02 3.410039e+01
1.301893e+02 3.411337e+01
1.301312e+02 3.416985e+01
>>
1.301798e+02 3.412987e+01
1.301604e+02 3.414301e+01
>>
1.302301e+02 3.406556e+01
1.302009e+02 3.408241e+01
1.301972e+02 3.409665e+01
>>
1.301900e+02 3.409223e+01
1.301993e+02 3.408207e+01
>>
1.302301e+02 3.406589e+01
1.302193e+02 3.407532e+01
1.302152e+02 3.409053e+01
>>
1.302821e+02 3.403617e+01
1.302541e+02 3.405216e+01
>>
1.302545e+02 3.403386e+01
1.302197e+02 3.404516e+01
>>
1.303348e+02 3.394210e+01
1.303056e+02 3.395781e+01
>>
1.302935e+02 3.394756e+01
1.303116e+02 3.394851e+01
1.303309e+02 3.394370e+01
>>
1.303839e+02 3.394333e+01
1.303556e+02 3.395008e+01
>>
1.303541e+02 3.396003e+01
1.303431e+02 3.396326e+01
1.303344e+02 3.397262e+01
>>
1.303966e+02 3.392136e+01
1.303760e+02 3.393186e+01
>>
1.307098e+02 3.354917e+01
1.306929e+02 3.355933e+01
1.306733e+02 3.357648e+01
>>
1.307510e+02 3.352340e+01
1.307391e+02 3.353130e+01
1.307241e+02 3.354214e+01
1.307130e+02 3.355618e+01
>>
1.307422e+02 3.355314e+01
1.307539e+02 3.354408e+01
1.307665e+02 3.353368e+01
1.307751e+02 3.352205e+01
>>
1.307723e+02 3.350632e+01
1.307976e+02 3.348933e+01
1.308154e+02 3.347602e+01
1.308276e+02 3.346538e+01
1.308369e+02 3.345117e+01
1.308425e+02 3.343824e+01
1.308503e+02 3.342566e+01
1.308577e+02 3.341190e+01
1.308629e+02 3.340451e+01
1.308707e+02 3.339464e+01
>>
1.308722e+02 3.339697e+01
1.308762e+02 3.339725e+01
1.308816e+02 3.339083e+01
>>
1.308534e+02 3.341222e+01
1.308493e+02 3.340422e+01
1.308489e+02 3.339445e+01
1.308456e+02 3.338649e+01
1.308387e+02 3.337943e+01
1.308318e+02 3.337007e+01
1.308264e+02 3.336363e+01
1.308157e+02 3.336075e+01
1.308065e+02 3.336137e+01
>>
1.308024e+02 3.348814e+01
1.307873e+02 3.350590e+01
>>
1.304387e+02 3.389440e+01
1.304323e+02 3.391340e+01
>>
1.304603e+02 3.387314e+01
1.304422e+02 3.388791e+01
>>
1.304879e+02 3.379900e+01
1.305245e+02 3.377558e+01
1.305493e+02 3.375268e+01
1.305668e+02 3.373120e+01
1.305793e+02 3.371391e+01
1.305908e+02 3.369778e+01
1.306029e+02 3.367872e+01
1.306167e+02 3.366435e+01
1.306376e+02 3.364798e+01
1.306471e+02 3.363403e+01
1.306616e+02 3.362015e+01
1.306777e+02 3.360562e+01
>>
1.304898e+02 3.379545e+01
1.304912e+02 3.377647e+01
>>
1.304840e+02 3.384221e+01
1.305015e+02 3.382173e+01
1.305230e+02 3.378893e+01
1.305264e+02 3.377597e+01
>>
1.305607e+02 3.374359e+01
1.305759e+02 3.373436e+01
1.305871e+02 3.371851e+01
1.305936e+02 3.370466e+01
1.305922e+02 3.369892e+01
>>
1.306533e+02 3.360643e+01
1.306479e+02 3.361277e+01
1.306479e+02 3.361314e+01
1.306443e+02 3.362733e+01
1.306426e+02 3.363968e+01
>>
1.307528e+02 3.388779e+01
1.307483e+02 3.389908e+01
1.307419e+02 3.391416e+01
1.307395e+02 3.393068e+01
>>
1.307566e+02 3.386994e+01
1.307639e+02 3.384884e+01
1.307636e+02 3.383253e+01
1.307594e+02 3.380847e+01
1.307581e+02 3.379484e+01
1.307667e+02 3.377432e+01
1.307715e+02 3.375842e+01
1.307735e+02 3.374097e+01
1.307854e+02 3.372523e+01
1.307996e+02 3.370515e+01
1.308133e+02 3.368636e+01
1.308176e+02 3.367592e+01
>>
1.307730e+02 3.384997e+01
1.307682e+02 3.383534e+01
1.307673e+02 3.382290e+01
1.307585e+02 3.380352e+01
>>
1.309133e+02 3.389241e+01
1.309037e+02 3.388146e+01
1.309013e+02 3.387597e+01
1.308979e+02 3.385743e+01
1.308886e+02 3.383655e+01
1.308799e+02 3.381330e+01
1.308723e+02 3.378737e+01
1.308707e+02 3.376003e+01
1.308690e+02 3.375033e+01
1.308590e+02 3.373466e+01
>>
1.305793e+02 3.330564e+01
1.305651e+02 3.330568e+01
1.305368e+02 3.331240e+01
>>
1.305822e+02 3.329637e+01
1.305713e+02 3.330416e+01
>>
1.305555e+02 3.330697e+01
1.305424e+02 3.330671e+01
>>
1.307456e+02 3.331590e+01
1.307368e+02 3.331865e+01
1.307237e+02 3.332176e+01
1.307095e+02 3.332059e+01
1.306986e+02 3.331640e+01
1.306759e+02 3.331536e+01
1.306607e+02 3.331453e+01
1.306423e+02 3.331163e+01
1.306363e+02 3.330897e+01
1.306233e+02 3.330036e+01
1.306139e+02 3.330704e+01
1.306061e+02 3.330707e+01
1.306020e+02 3.330261e+01
1.305932e+02 3.330292e+01
>>
1.306307e+02 3.330690e+01
1.306194e+02 3.330459e+01
>>
1.306211e+02 3.330128e+01
1.306168e+02 3.330131e+01
1.306100e+02 3.330615e+01
>>
1.307411e+02 3.332564e+01
1.307521e+02 3.332649e+01
1.307648e+02 3.332308e+01
1.307869e+02 3.332276e+01
1.307963e+02 3.332696e+01
>>
1.307834e+02 3.332368e+01
1.307785e+02 3.332766e+01
>>
1.309399e+02 3.422735e+01
1.309647e+02 3.421198e+01
1.309825e+02 3.419817e+01
1.309989e+02 3.417916e+01
1.310143e+02 3.416398e+01
1.310292e+02 3.415091e+01
1.310440e+02 3.413341e+01
1.310595e+02 3.412134e+01
1.310716e+02 3.411110e+01
1.310863e+02 3.410374e+01
>>
1.310689e+02 3.411341e+01
1.310748e+02 3.409708e+01
>>
1.313823e+02 3.367059e+01
1.313968e+02 3.368644e+01
1.314087e+02 3.369462e+01
1.314167e+02 3.370508e+01
1.314233e+02 3.372003e+01
1.314359e+02 3.372659e+01
1.314486e+02 3.374548e+01
1.314600e+02 3.376447e+01
1.314755e+02 3.378068e+01
1.314877e+02 3.379018e+01
1.315080e+02 3.380929e+01
1.315277e+02 3.382335e+01
1.315469e+02 3.383574e+01
1.315633e+02 3.385108e+01
1.315780e+02 3.387228e+01
1.315850e+02 3.388380e+01
>>
1.315435e+02 3.383578e+01
1.315491e+02 3.385469e+01
1.315527e+02 3.386677e+01
1.315583e+02 3.387828e+01
>>
1.315492e+02 3.385988e+01
1.315500e+02 3.387258e+01
1.315494e+02 3.387954e+01
1.315523e+02 3.388938e+01
>>
1.315442e+02 3.384036e+01
1.315444e+02 3.385935e+01
1.315453e+02 3.387552e+01
1.315468e+02 3.389118e+01
>>
1.315019e+02 3.380480e+01
1.314816e+02 3.379195e+01
>>
1.315130e+02 3.384529e+01
1.315048e+02 3.383160e+01
1.315013e+02 3.381392e+01
1.314864e+02 3.380155e+01
>>
1.314761e+02 3.376600e+01
1.314647e+02 3.375206e+01
1.314540e+02 3.374992e+01
>>
1.314978e+02 3.379008e+01
1.314789e+02 3.378121e+01
>>
1.314714e+02 3.376267e+01
1.314593e+02 3.375773e+01
>>
1.310096e+02 3.324108e+01
1.310286e+02 3.324142e+01
1.310400e+02 3.324541e+01
1.310530e+02 3.324441e+01
1.310668e+02 3.324554e+01
1.310775e+02 3.324711e+01
1.310941e+02 3.324351e+01
1.311083e+02 3.323458e+01
1.311191e+02 3.322956e+01
1.311320e+02 3.322528e+01
1.311448e+02 3.322168e+01
1.311591e+02 3.321479e+01
1.311733e+02 3.320734e+01
>>
1.310443e+02 3.323707e+01
1.310402e+02 3.323632e+01
1.310255e+02 3.323643e+01
1.310114e+02 3.323609e+01
1.309948e+02 3.323576e+01
>>
1.309984e+02 3.323161e+01
1.310116e+02 3.323153e+01
1.310244e+02 3.322940e+01
1.310367e+02 3.322561e+01
1.310505e+02 3.322171e+01
1.310600e+02 3.321955e+01
1.310727e+02 3.322228e+01
1.310875e+02 3.322390e+01
1.311089e+02 3.321911e+01
1.311283e+02 3.321692e+01
1.311438e+02 3.321115e+01
1.311539e+02 3.320178e+01
1.311636e+02 3.319322e+01
>>
1.310129e+02 3.321595e+01
1.310256e+02 3.322280e+01
1.310426e+02 3.322679e+01
1.310607e+02 3.323238e+01
1.310776e+02 3.323215e+01
1.310893e+02 3.323003e+01
1.310979e+02 3.323312e+01
1.311068e+02 3.323459e+01
>>
1.310688e+02 3.323102e+01
1.310674e+02 3.322855e+01
1.310621e+02 3.322613e+01
1.310520e+02 3.322750e+01
>>
1.310565e+02 3.321876e+01
1.310433e+02 3.321604e+01
1.310258e+02 3.321339e+01
>>
1.310260e+02 3.322404e+01
1.310139e+02 3.322327e+01
1.309971e+02 3.322627e+01
>>
1.310703e+02 3.321943e+01
1.310867e+02 3.321489e+01
1.310991e+02 3.321150e+01
1.311066e+02 3.320573e+01
1.311172e+02 3.320525e+01
1.311314e+02 3.320308e+01
1.311396e+02 3.319819e+01
1.311467e+02 3.319615e+01
>>
1.311105e+02 3.319640e+01
1.311252e+02 3.319506e+01
1.311367e+02 3.319619e+01
1.311457e+02 3.319293e+01
>>
1.312156e+02 3.315749e+01
1.312128e+02 3.316110e+01
1.312080e+02 3.316752e+01
1.311955e+02 3.317042e+01
1.311859e+02 3.317210e+01
1.311762e+02 3.317498e+01
1.311690e+02 3.317664e+01
1.311652e+02 3.317305e+01
1.311546e+02 3.317473e+01
1.311444e+02 3.317682e+01
1.311353e+02 3.317527e+01
1.311252e+02 3.317294e+01
1.311058e+02 3.317991e+01
1.310887e+02 3.318446e+01
1.310873e+02 3.318446e+01
1.310733e+02 3.318818e+01
1.310515e+02 3.319680e+01
1.310336e+02 3.319899e+01
1.310203e+02 3.319869e+01
1.310112e+02 3.319960e+01
1.309972e+02 3.320874e+01
>>
1.310314e+02 3.318771e+01
1.310472e+02 3.319118e+01
1.310550e+02 3.319153e+01
1.310617e+02 3.318987e+01
1.310675e+02 3.318903e+01
>>
1.310357e+02 3.318364e+01
1.310514e+02 3.318189e+01
1.310635e+02 3.317819e+01
1.310737e+02 3.317369e+01
1.310865e+02 3.316959e+01
1.310938e+02 3.316553e+01
1.311040e+02 3.316667e+01
1.311259e+02 3.316133e+01
>>
1.310767e+02 3.317407e+01
1.310889e+02 3.317600e+01
1.311029e+02 3.317711e+01
1.311169e+02 3.317902e+01
1.311290e+02 3.317813e+01
1.311386e+02 3.318249e+01
1.311511e+02 3.317958e+01
>>
1.311371e+02 3.318411e+01
1.311280e+02 3.318578e+01
1.311121e+02 3.318992e+01
1.311008e+02 3.319001e+01
1.310824e+02 3.319418e+01
1.310732e+02 3.319586e+01
1.310563e+02 3.320001e+01
>>
1.310630e+02 3.320118e+01
1.310721e+02 3.320356e+01
1.310794e+02 3.320230e+01
1.310920e+02 3.319656e+01
1.311062e+02 3.319280e+01
>>
1.311292e+02 3.316810e+01
1.311316e+02 3.316808e+01
1.311456e+02 3.316559e+01
1.311634e+02 3.316227e+01
1.311826e+02 3.315537e+01
1.311969e+02 3.315963e+01
1.312151e+02 3.315630e+01
>>
1.311315e+02 3.316928e+01
1.311537e+02 3.316873e+01
1.311658e+02 3.316584e+01
1.311725e+02 3.316619e+01
1.311811e+02 3.316254e+01
1.311907e+02 3.316008e+01
1.312003e+02 3.316239e+01
1.312080e+02 3.316632e+01
>>
1.311329e+02 3.317168e+01
1.311469e+02 3.317439e+01
1.311604e+02 3.316948e+01
>>
1.311180e+02 3.317379e+01
1.311122e+02 3.317022e+01
1.311030e+02 3.316908e+01
1.310943e+02 3.316793e+01
>>
1.312530e+02 3.315601e+01
1.312477e+02 3.315844e+01
1.312368e+02 3.316530e+01
>>
1.312429e+02 3.315529e+01
1.312300e+02 3.316097e+01
>>
1.312439e+02 3.315927e+01
1.312372e+02 3.315852e+01
>>
1.313043e+02 3.321602e+01
1.312911e+02 3.321999e+01
1.312767e+02 3.321990e+01
1.312675e+02 3.321919e+01
1.312548e+02 3.321599e+01
1.312480e+02 3.321315e+01
1.312397e+02 3.320787e+01
1.312299e+02 3.319951e+01
1.312226e+02 3.319638e+01
1.312119e+02 3.319530e+01
1.312003e+02 3.319173e+01
1.311786e+02 3.318703e+01
>>
1.312840e+02 3.322339e+01
1.312943e+02 3.322944e+01
1.313089e+02 3.322376e+01
>>
1.313049e+02 3.322130e+01
1.312830e+02 3.322218e+01
>>
1.312872e+02 3.322003e+01
1.312790e+02 3.321451e+01
1.312746e+02 3.321292e+01
1.312683e+02 3.321142e+01
1.312644e+02 3.320817e+01
1.312638e+02 3.320250e+01
1.312541e+02 3.320376e+01
1.312469e+02 3.320218e+01
1.312387e+02 3.320504e+01
>>
1.312295e+02 3.320599e+01
1.312265e+02 3.319794e+01
>>
1.311960e+02 3.319458e+01
1.312037e+02 3.319658e+01
1.312090e+02 3.319615e+01
>>
1.312634e+02 3.320818e+01
1.312531e+02 3.320296e+01
>>
1.312533e+02 3.331669e+01
1.312412e+02 3.331836e+01
1.312383e+02 3.331795e+01
1.312369e+02 3.331712e+01
1.312164e+02 3.331810e+01
1.311936e+02 3.331762e+01
1.311810e+02 3.331319e+01
1.311716e+02 3.331634e+01
1.311588e+02 3.331888e+01
>>
1.312484e+02 3.331964e+01
1.312675e+02 3.332523e+01
1.312768e+02 3.332141e+01
1.312906e+02 3.332332e+01
1.313018e+02 3.332159e+01
1.313189e+02 3.331688e+01
1.313311e+02 3.331392e+01
1.313434e+02 3.331734e+01
1.313565e+02 3.332112e+01
1.313756e+02 3.331931e+01
1.313917e+02 3.332000e+01
1.314094e+02 3.332280e+01
1.314223e+02 3.332844e+01
1.314232e+02 3.332884e+01
1.314376e+02 3.333610e+01
1.314467e+02 3.334236e+01
1.314633e+02 3.334835e+01
1.314771e+02 3.335109e+01
>>
1.315010e+02 3.334284e+01
1.314850e+02 3.334407e+01
1.314759e+02 3.334601e+01
>>
1.314379e+02 3.333105e+01
1.314485e+02 3.333650e+01
1.314615e+02 3.333710e+01
1.314732e+02 3.333977e+01
>>
1.315005e+02 3.333023e+01
1.314767e+02 3.333444e+01
1.314736e+02 3.333151e+01
1.314584e+02 3.333294e+01
>>
1.314559e+02 3.333003e+01
1.314507e+02 3.332217e+01
1.314366e+02 3.331831e+01
1.314182e+02 3.332265e+01
>>
1.314926e+02 3.331690e+01
1.314765e+02 3.331323e+01
1.314671e+02 3.331489e+01
1.314661e+02 3.331532e+01
1.314647e+02 3.331574e+01
1.314522e+02 3.331973e+01
>>
1.314695e+02 3.331117e+01
1.314571e+02 3.331322e+01
1.314452e+02 3.331885e+01
>>
1.314119e+02 3.332318e+01
1.314401e+02 3.331269e+01
1.314474e+02 3.330740e+01
>>
1.314359e+02 3.330562e+01
1.314321e+02 3.331413e+01
>>
1.314058e+02 3.331165e+01
1.313950e+02 3.330727e+01
1.313808e+02 3.330694e+01
1.313680e+02 3.330286e+01
1.313559e+02 3.330198e+01
>>
1.313316e+02 3.331597e+01
1.313204e+02 3.331024e+01
1.312994e+02 3.331170e+01
>>
1.312925e+02 3.332823e+01
1.312660e+02 3.333348e+01
>>
1.312917e+02 3.325160e+01
1.313012e+02 3.325531e+01
1.313137e+02 3.325735e+01
1.313215e+02 3.325897e+01
1.313365e+02 3.325854e+01
1.313512e+02 3.326212e+01
1.313551e+02 3.326414e+01
>>
1.313079e+02 3.324104e+01
1.312935e+02 3.324595e+01
>>
1.313321e+02 3.324830e+01
1.313185e+02 3.324716e+01
>>
1.314379e+02 3.327211e+01
1.314286e+02 3.327059e+01
1.314135e+02 3.327038e+01
1.314027e+02 3.326456e+01
1.313929e+02 3.325721e+01
1.313837e+02 3.325315e+01
1.313622e+02 3.324854e+01
1.313489e+02 3.324632e+01
1.313451e+02 3.323773e+01
1.313361e+02 3.323344e+01
1.313262e+02 3.323606e+01
>>
1.312359e+02 3.317842e+01
1.312368e+02 3.317921e+01
1.312479e+02 3.318512e+01
1.312554e+02 3.319107e+01
1.312637e+02 3.318939e+01
1.312711e+02 3.318693e+01
1.312884e+02 3.318679e+01
1.313024e+02 3.318948e+01
1.313128e+02 3.318860e+01
1.313147e+02 3.318738e+01
1.313287e+02 3.317683e+01
1.313374e+02 3.317237e+01
1.313469e+02 3.316986e+01
1.313551e+02 3.316503e+01
>>
1.313200e+02 3.318011e+01
1.313116e+02 3.317459e+01
1.312929e+02 3.317479e+01
1.312864e+02 3.316811e+01
1.312854e+02 3.316613e+01
1.312715e+02 3.316544e+01
1.312618e+02 3.316868e+01
1.312354e+02 3.318002e+01
>>
1.313186e+02 3.318413e+01
1.313036e+02 3.317907e+01
1.312910e+02 3.317521e+01
1.312749e+02 3.317535e+01
1.312608e+02 3.317864e+01
1.312452e+02 3.318115e+01
>>
1.312553e+02 3.319267e+01
1.312609e+02 3.319745e+01
1.312696e+02 3.319899e+01
1.312816e+02 3.319845e+01
1.312890e+02 3.320243e+01
1.313037e+02 3.319952e+01
1.313143e+02 3.318778e+01
>>
1.312959e+02 3.328756e+01
1.313129e+02 3.329498e+01
1.313315e+02 3.329629e+01
1.313486e+02 3.329570e+01
1.313691e+02 3.329094e+01
1.313849e+02 3.329325e+01
1.313989e+02 3.329355e+01
>>
1.312941e+02 3.329538e+01
1.313117e+02 3.329867e+01
1.313131e+02 3.329867e+01
1.313318e+02 3.329876e+01
1.313482e+02 3.329852e+01
1.313720e+02 3.329588e+01
1.313896e+02 3.329405e+01
1.314016e+02 3.329520e+01
>>
1.312920e+02 3.329949e+01
1.313090e+02 3.330239e+01
1.313287e+02 3.330572e+01
1.313656e+02 3.330042e+01
>>
1.313818e+02 3.327982e+01
1.313739e+02 3.328122e+01
1.313579e+02 3.328467e+01
1.313475e+02 3.328837e+01
>>
1.313806e+02 3.327786e+01
1.313746e+02 3.327481e+01
1.313522e+02 3.327946e+01
1.313376e+02 3.328154e+01
>>
1.313586e+02 3.333939e+01
1.313794e+02 3.334367e+01
1.313890e+02 3.334439e+01
>>
1.314046e+02 3.334831e+01
1.314222e+02 3.335056e+01
1.314488e+02 3.335642e+01
1.314516e+02 3.335681e+01
1.314540e+02 3.335761e+01
1.314789e+02 3.337174e+01
1.314992e+02 3.337530e+01
1.315215e+02 3.337680e+01
1.315235e+02 3.337638e+01
1.315269e+02 3.337596e+01
1.315415e+02 3.337420e+01
1.315626e+02 3.337110e+01
1.315799e+02 3.337173e+01
1.315917e+02 3.337036e+01
>>
1.315803e+02 3.334711e+01
1.315749e+02 3.334880e+01
1.315651e+02 3.335013e+01
1.315538e+02 3.335230e+01
1.315420e+02 3.335694e+01
>>
1.315504e+02 3.336219e+01
1.315651e+02 3.336408e+01
1.315784e+02 3.336475e+01
1.315789e+02 3.336474e+01
1.315999e+02 3.335427e+01
>>
1.315676e+02 3.335625e+01
1.315489e+02 3.335809e+01
>>
1.314368e+02 3.336878e+01
1.314509e+02 3.337232e+01
1.314524e+02 3.337270e+01
1.314745e+02 3.337938e+01
1.314869e+02 3.338468e+01
1.314884e+02 3.338670e+01
1.315159e+02 3.339318e+01
1.315398e+02 3.339100e+01
1.315632e+02 3.338963e+01
1.315760e+02 3.338997e+01
>>
1.314650e+02 3.339320e+01
1.314879e+02 3.339695e+01
1.315047e+02 3.340314e+01
1.315034e+02 3.340823e+01
1.315161e+02 3.341275e+01
1.315304e+02 3.341053e+01
1.315328e+02 3.341011e+01
1.315353e+02 3.340969e+01
1.315519e+02 3.340554e+01
>>
1.314918e+02 3.340991e+01
1.314695e+02 3.340484e+01
>>
1.314693e+02 3.340821e+01
1.314856e+02 3.341633e+01
1.314987e+02 3.342214e+01
1.315165e+02 3.341735e+01
1.315357e+02 3.341220e+01
>>
1.315116e+02 3.339360e+01
1.314881e+02 3.339112e+01
>>
1.315122e+02 3.336747e+01
1.315307e+02 3.336937e+01
1.315469e+02 3.336922e+01
>>
1.314888e+02 3.336234e+01
1.314792e+02 3.336279e+01
1.314612e+02 3.335715e+01
1.314607e+02 3.335716e+01
1.314430e+02 3.334830e+01
1.314232e+02 3.333999e+01
1.314104e+02 3.333851e+01
>>
1.304213e+02 3.346645e+01
1.304060e+02 3.347048e+01
1.303948e+02 3.347750e+01
1.303806e+02 3.348508e+01
1.303722e+02 3.348845e+01
1.303712e+02 3.348927e+01
1.303604e+02 3.349389e+01
1.303495e+02 3.349906e+01
1.303316e+02 3.351173e+01
1.303162e+02 3.352001e+01
1.302998e+02 3.353208e+01
1.302859e+02 3.353346e+01
1.302718e+02 3.354074e+01
>>
1.304306e+02 3.345739e+01
1.304460e+02 3.345191e+01
1.304620e+02 3.344446e+01
1.304819e+02 3.343582e+01
>>
1.303889e+02 3.348428e+01
1.304047e+02 3.347887e+01
1.304120e+02 3.347223e+01
>>
1.304388e+02 3.338819e+01
1.304335e+02 3.339421e+01
1.304218e+02 3.340912e+01
1.304112e+02 3.342164e+01
1.304006e+02 3.343542e+01
1.303851e+02 3.344921e+01
1.303721e+02 3.346674e+01
>>
1.304406e+02 3.340101e+01
1.304297e+02 3.340585e+01
1.304180e+02 3.341884e+01
>>
1.302482e+02 3.332944e+01
1.302344e+02 3.332514e+01
1.302136e+02 3.332014e+01
>>
1.302496e+02 3.332665e+01
1.302401e+02 3.332071e+01
1.302262e+02 3.331320e+01
>>
1.302713e+02 3.333826e+01
1.302944e+02 3.334427e+01
1.303187e+02 3.334602e+01
>>
1.303307e+02 3.334318e+01
1.303148e+02 3.333685e+01
>>
1.303725e+02 3.333471e+01
1.303538e+02 3.333634e+01
>>
1.305494e+02 3.355226e+01
1.305412e+02 3.357030e+01
1.305407e+02 3.357241e+01
1.305278e+02 3.358631e+01
1.305149e+02 3.360056e+01
1.304929e+02 3.361737e+01
1.304788e+02 3.363406e+01
>>
1.301894e+02 3.381634e+01
1.301804e+02 3.384840e+01
>>
1.301784e+02 3.379569e+01
1.301898e+02 3.379238e+01
1.302000e+02 3.378540e+01
1.302076e+02 3.377334e+01
>>
1.302652e+02 3.373636e+01
1.302583e+02 3.374069e+01
1.302413e+02 3.374972e+01
1.302304e+02 3.375697e+01
>>
1.313136e+02 3.374667e+01
1.313060e+02 3.374869e+01
1.312924e+02 3.376867e+01
1.312849e+02 3.379370e+01
1.312774e+02 3.380900e+01
1.312720e+02 3.382404e+01
1.312644e+02 3.383954e+01
>>
1.313267e+02 3.379592e+01
1.313204e+02 3.378642e+01
1.313065e+02 3.378065e+01
>>
1.313655e+02 3.387713e+01
1.313643e+02 3.387237e+01
1.313594e+02 3.386527e+01
1.313549e+02 3.385582e+01
1.313505e+02 3.384304e+01
1.313413e+02 3.382568e+01
1.313270e+02 3.380287e+01
>>
1.313826e+02 3.390062e+01
1.313810e+02 3.389444e+01
1.313740e+02 3.388799e+01
1.313614e+02 3.387956e+01
>>
1.313658e+02 3.381475e+01
1.313542e+02 3.380060e+01
1.313466e+02 3.379374e+01
1.313371e+02 3.378790e+01
1.313379e+02 3.377935e+01
1.313296e+02 3.377026e+01
>>
1.313817e+02 3.381292e+01
1.313818e+02 3.382559e+01
1.313867e+02 3.383593e+01
1.313924e+02 3.384293e+01
1.313997e+02 3.385331e+01
>>
1.313719e+02 3.376165e+01
1.313848e+02 3.377656e+01
1.313967e+02 3.378662e+01
1.314090e+02 3.380136e+01
1.314129e+02 3.381127e+01
1.314185e+02 3.381788e+01
1.314321e+02 3.382474e+01
1.314410e+02 3.382833e+01
>>
1.314313e+02 3.382442e+01
1.314341e+02 3.383276e+01
1.314398e+02 3.383807e+01
1.314466e+02 3.383598e+01
>>
1.314454e+02 3.383633e+01
1.314434e+02 3.384578e+01
1.314430e+02 3.384883e+01
>>
1.314929e+02 3.389637e+01
1.314887e+02 3.388713e+01
1.314780e+02 3.387424e+01
1.314621e+02 3.385945e+01
1.314455e+02 3.384914e+01
>>
1.314491e+02 3.386163e+01
1.314528e+02 3.386805e+01
1.314662e+02 3.387472e+01
1.314764e+02 3.387734e+01
1.314846e+02 3.388512e+01
>>
1.314844e+02 3.387178e+01
1.314939e+02 3.388364e+01
1.315046e+02 3.389382e+01
1.315121e+02 3.390374e+01
1.315172e+02 3.391268e+01
1.315280e+02 3.392229e+01
>>
1.313157e+02 3.396767e+01
1.313220e+02 3.398816e+01
1.313362e+02 3.401383e+01
1.313433e+02 3.402867e+01
1.313537e+02 3.404481e+01
1.313703e+02 3.406291e+01
1.313863e+02 3.408634e+01
>>
1.299834e+02 3.294639e+01
1.299351e+02 3.298119e+01
>>
1.299565e+02 3.292228e+01
1.299762e+02 3.291044e+01
1.299891e+02 3.290036e+01
>>
1.300070e+02 3.290535e+01
1.299917e+02 3.291480e+01
>>
1.300122e+02 3.291706e+01
1.299989e+02 3.291762e+01
1.299794e+02 3.292608e+01
>>
1.300458e+02 3.290135e+01
1.300240e+02 3.290241e+01
>>
1.300632e+02 3.288576e+01
1.300545e+02 3.288690e+01
1.300372e+02 3.289913e+01
>>
1.303346e+02 3.279596e+01
1.303103e+02 3.279181e+01
1.302901e+02 3.278668e+01
1.302632e+02 3.279057e+01
1.302250e+02 3.279642e+01
1.301920e+02 3.280203e+01
1.301622e+02 3.279774e+01
1.301325e+02 3.280167e+01
>>
1.300599e+02 3.276112e+01
1.300925e+02 3.277890e+01
1.301195e+02 3.277614e+01
1.301267e+02 3.278557e+01
1.301484e+02 3.278504e+01
1.301656e+02 3.278005e+01
1.301787e+02 3.277949e+01
1.301974e+02 3.277826e+01
1.302171e+02 3.277215e+01
1.302430e+02 3.277405e+01
1.302790e+02 3.277944e+01
1.303097e+02 3.277723e+01
1.303227e+02 3.277462e+01
>>
1.302825e+02 3.276213e+01
1.302914e+02 3.277218e+01
1.302986e+02 3.277778e+01
>>
1.300990e+02 3.278720e+01
1.301030e+02 3.278721e+01
1.301254e+02 3.278502e+01
>>
1.303410e+02 3.274613e+01
1.303149e+02 3.274599e+01
1.302960e+02 3.274691e+01
1.302792e+02 3.275832e+01
>>
1.300032e+02 3.273284e+01
1.300261e+02 3.273730e+01
1.300616e+02 3.273624e+01
1.300919e+02 3.273240e+01
1.301223e+02 3.271644e+01
1.301558e+02 3.270215e+01
1.301727e+02 3.271647e+01
1.301812e+02 3.272364e+01
1.302167e+02 3.273022e+01
1.302400e+02 3.273555e+01
1.302537e+02 3.274429e+01
>>
1.301884e+02 3.272639e+01
1.301995e+02 3.273357e+01
1.302200e+02 3.274011e+01
1.302318e+02 3.275272e+01
>>
1.302351e+02 3.275379e+01
1.302575e+02 3.275913e+01
1.302759e+02 3.276225e+01
>>
1.302250e+02 3.279423e+01
1.302025e+02 3.278719e+01
>>
1.300358e+02 3.271193e+01
1.300378e+02 3.271194e+01
1.300691e+02 3.271749e+01
1.301112e+02 3.270927e+01
1.301382e+02 3.269994e+01
1.301585e+02 3.269940e+01
>>
1.299534e+02 3.269857e+01
1.299788e+02 3.270908e+01
1.299978e+02 3.270967e+01
>>
1.301571e+02 3.270050e+01
1.301489e+02 3.268512e+01
1.301246e+02 3.268784e+01
1.300846e+02 3.269494e+01
1.300799e+02 3.269713e+01
1.300485e+02 3.269654e+01
>>
1.302008e+02 3.268574e+01
1.301911e+02 3.267535e+01
1.301819e+02 3.267752e+01
1.301656e+02 3.267204e+01
>>
1.298759e+02 3.263201e+01
1.299155e+02 3.264142e+01
1.299252e+02 3.264637e+01
1.299523e+02 3.263387e+01
1.299661e+02 3.263172e+01
1.299824e+02 3.263122e+01
>>
1.299277e+02 3.265295e+01
1.299048e+02 3.265124e+01
>>
1.299085e+02 3.266056e+01
1.299281e+02 3.266117e+01
1.299419e+02 3.265901e+01
1.299559e+02 3.265028e+01
1.299663e+02 3.265305e+01
>>
1.301110e+02 3.267356e+01
1.300888e+02 3.267463e+01
1.300875e+02 3.267518e+01
1.300659e+02 3.267515e+01
1.300325e+02 3.267565e+01
1.300062e+02 3.268109e+01
1.299893e+02 3.267776e+01
1.299705e+02 3.266894e+01
1.299641e+02 3.266290e+01
1.299451e+02 3.266231e+01
>>
1.300152e+02 3.268989e+01
1.300362e+02 3.268993e+01
1.300475e+02 3.267896e+01
1.300580e+02 3.267624e+01
>>
1.299272e+02 3.267213e+01
1.299474e+02 3.267493e+01
1.299580e+02 3.267221e+01
1.299717e+02 3.267388e+01
1.299867e+02 3.267556e+01
>>
1.299670e+02 3.267662e+01
1.299505e+02 3.268317e+01
>>
1.304922e+02 3.270513e+01
1.304798e+02 3.270680e+01
1.304713e+02 3.270408e+01
1.304595e+02 3.269808e+01
1.304452e+02 3.269756e+01
1.304426e+02 3.269757e+01
1.304230e+02 3.269650e+01
1.304119e+02 3.269378e+01
1.304087e+02 3.269215e+01
1.303943e+02 3.268889e+01
1.303819e+02 3.269382e+01
1.303643e+02 3.269768e+01
1.303435e+02 3.269991e+01
1.303383e+02 3.269993e+01
1.303222e+02 3.270437e+01
1.302997e+02 3.271210e+01
1.302726e+02 3.271388e+01
1.302578e+02 3.272636e+01
1.302524e+02 3.271761e+01
1.302383e+02 3.271054e+01
1.302370e+02 3.270890e+01
1.302219e+02 3.270550e+01
1.301900e+02 3.270706e+01
>>
1.304890e+02 3.271719e+01
1.304622e+02 3.270957e+01
>>
1.302455e+02 3.275094e+01
1.302647e+02 3.274601e+01
1.302934e+02 3.274055e+01
1.303073e+02 3.272465e+01
1.303259e+02 3.271693e+01
1.303473e+02 3.270864e+01
1.303597e+02 3.270152e+01
1.303806e+02 3.269984e+01
1.303982e+02 3.270146e+01
>>
1.303054e+02 3.272684e+01
1.302912e+02 3.273074e+01
1.302816e+02 3.273838e+01
>>
1.302942e+02 3.269399e+01
1.303105e+02 3.268796e+01
1.303260e+02 3.267915e+01
1.303462e+02 3.267312e+01
>>
1.303410e+02 3.268187e+01
1.303234e+02 3.268299e+01
>>
1.300880e+02 3.274153e+01
1.300886e+02 3.274263e+01
1.300984e+02 3.274760e+01
1.301214e+02 3.274873e+01
1.301411e+02 3.274764e+01
>>
1.303932e+02 3.281844e+01
1.304366e+02 3.281176e+01
1.304589e+02 3.280347e+01
1.304826e+02 3.279573e+01
1.304937e+02 3.279846e+01
>>
1.304103e+02 3.281621e+01
1.304385e+02 3.281727e+01
1.304621e+02 3.281282e+01
1.304818e+02 3.281058e+01
1.304969e+02 3.281110e+01
>>
1.304962e+02 3.281770e+01
1.304733e+02 3.281005e+01
>>
1.307518e+02 3.264302e+01
1.307576e+02 3.266033e+01
1.307588e+02 3.266353e+01
1.307645e+02 3.267484e+01
1.307658e+02 3.267754e+01
1.307664e+02 3.268024e+01
1.307740e+02 3.269755e+01
1.307910e+02 3.271330e+01
1.307909e+02 3.271439e+01
1.307955e+02 3.273127e+01
1.307968e+02 3.273618e+01
1.308013e+02 3.275419e+01
1.308045e+02 3.276348e+01
>>
1.308000e+02 3.273781e+01
1.308138e+02 3.275580e+01
>>
1.309942e+02 3.288443e+01
1.309778e+02 3.287635e+01
1.309673e+02 3.286912e+01
1.309567e+02 3.286096e+01
1.309541e+02 3.285933e+01
1.309528e+02 3.285768e+01
1.309356e+02 3.284903e+01
1.309232e+02 3.284360e+01
1.309219e+02 3.284306e+01
1.309041e+02 3.283049e+01
1.308831e+02 3.282511e+01
1.308707e+02 3.281638e+01
1.308596e+02 3.280380e+01
1.308590e+02 3.280325e+01
1.308485e+02 3.278905e+01
1.308465e+02 3.278742e+01
1.308242e+02 3.277217e+01
1.308157e+02 3.276126e+01
1.308026e+02 3.276185e+01
1.307829e+02 3.275370e+01
>>
1.308216e+02 3.279027e+01
1.308327e+02 3.280009e+01
1.308491e+02 3.280715e+01
>>
1.308917e+02 3.280144e+01
1.309094e+02 3.281669e+01
1.309232e+02 3.282869e+01
1.309449e+02 3.283452e+01
>>
1.309639e+02 3.285303e+01
1.309547e+02 3.283826e+01
>>
1.309534e+02 3.284656e+01
1.309324e+02 3.284241e+01
>>
1.311475e+02 3.268417e+01
1.311384e+02 3.267294e+01
1.311210e+02 3.266828e+01
1.310912e+02 3.265974e+01
>>
1.310428e+02 3.273372e+01
1.310279e+02 3.273981e+01
>>
1.310740e+02 3.272537e+01
1.310551e+02 3.272820e+01
>>
1.311676e+02 3.276447e+01
1.311611e+02 3.275906e+01
1.311396e+02 3.274777e+01
1.311240e+02 3.273972e+01
1.311032e+02 3.273878e+01
1.310845e+02 3.274163e+01
1.310832e+02 3.274164e+01
1.310624e+02 3.274396e+01
>>
1.311100e+02 3.277088e+01
1.310931e+02 3.276609e+01
>>
1.311138e+02 3.276595e+01
1.311028e+02 3.276221e+01
>>
1.311202e+02 3.275718e+01
1.311053e+02 3.275838e+01
>>
1.311182e+02 3.274248e+01
1.311351e+02 3.275598e+01
1.311578e+02 3.275854e+01
1.311681e+02 3.275028e+01
>>
1.311705e+02 3.279231e+01
1.311606e+02 3.277872e+01
>>
1.311508e+02 3.277387e+01
1.311345e+02 3.275762e+01
>>
1.311662e+02 3.275303e+01
1.311603e+02 3.274707e+01
1.311330e+02 3.273693e+01
>>
1.311700e+02 3.274536e+01
1.311499e+02 3.273898e+01
>>
