1.299834e+02 3.294639e+01
1.299351e+02 3.298119e+01
>>
1.299565e+02 3.292228e+01
1.299762e+02 3.291044e+01
1.299891e+02 3.290036e+01
>>
1.300070e+02 3.290535e+01
1.299917e+02 3.291480e+01
>>
1.300122e+02 3.291706e+01
1.299989e+02 3.291762e+01
1.299794e+02 3.292608e+01
>>
1.300458e+02 3.290135e+01
1.300240e+02 3.290241e+01
>>
1.300632e+02 3.288576e+01
1.300545e+02 3.288690e+01
1.300372e+02 3.289913e+01
>>
1.303346e+02 3.279596e+01
1.303103e+02 3.279181e+01
1.302901e+02 3.278668e+01
1.302632e+02 3.279057e+01
1.302250e+02 3.279642e+01
1.301920e+02 3.280203e+01
1.301622e+02 3.279774e+01
1.301325e+02 3.280167e+01
>>
1.300599e+02 3.276112e+01
1.300925e+02 3.277890e+01
1.301195e+02 3.277614e+01
1.301267e+02 3.278557e+01
1.301484e+02 3.278504e+01
1.301656e+02 3.278005e+01
1.301787e+02 3.277949e+01
1.301974e+02 3.277826e+01
1.302171e+02 3.277215e+01
1.302430e+02 3.277405e+01
1.302790e+02 3.277944e+01
1.303097e+02 3.277723e+01
1.303227e+02 3.277462e+01
>>
1.302825e+02 3.276213e+01
1.302914e+02 3.277218e+01
1.302986e+02 3.277778e+01
>>
1.300990e+02 3.278720e+01
1.301030e+02 3.278721e+01
1.301254e+02 3.278502e+01
>>
1.303410e+02 3.274613e+01
1.303149e+02 3.274599e+01
1.302960e+02 3.274691e+01
1.302792e+02 3.275832e+01
>>
1.300032e+02 3.273284e+01
1.300261e+02 3.273730e+01
1.300616e+02 3.273624e+01
1.300919e+02 3.273240e+01
1.301223e+02 3.271644e+01
1.301558e+02 3.270215e+01
1.301727e+02 3.271647e+01
1.301812e+02 3.272364e+01
1.302167e+02 3.273022e+01
1.302400e+02 3.273555e+01
1.302537e+02 3.274429e+01
>>
1.301884e+02 3.272639e+01
1.301995e+02 3.273357e+01
1.302200e+02 3.274011e+01
1.302318e+02 3.275272e+01
>>
1.302351e+02 3.275379e+01
1.302575e+02 3.275913e+01
1.302759e+02 3.276225e+01
>>
1.302250e+02 3.279423e+01
1.302025e+02 3.278719e+01
>>
1.300358e+02 3.271193e+01
1.300378e+02 3.271194e+01
1.300691e+02 3.271749e+01
1.301112e+02 3.270927e+01
1.301382e+02 3.269994e+01
1.301585e+02 3.269940e+01
>>
1.299534e+02 3.269857e+01
1.299788e+02 3.270908e+01
1.299978e+02 3.270967e+01
>>
1.301571e+02 3.270050e+01
1.301489e+02 3.268512e+01
1.301246e+02 3.268784e+01
1.300846e+02 3.269494e+01
1.300799e+02 3.269713e+01
1.300485e+02 3.269654e+01
>>
1.302008e+02 3.268574e+01
1.301911e+02 3.267535e+01
1.301819e+02 3.267752e+01
1.301656e+02 3.267204e+01
>>
1.298759e+02 3.263201e+01
1.299155e+02 3.264142e+01
1.299252e+02 3.264637e+01
1.299523e+02 3.263387e+01
1.299661e+02 3.263172e+01
1.299824e+02 3.263122e+01
>>
1.299277e+02 3.265295e+01
1.299048e+02 3.265124e+01
>>
1.299085e+02 3.266056e+01
1.299281e+02 3.266117e+01
1.299419e+02 3.265901e+01
1.299559e+02 3.265028e+01
1.299663e+02 3.265305e+01
>>
1.301110e+02 3.267356e+01
1.300888e+02 3.267463e+01
1.300875e+02 3.267518e+01
1.300659e+02 3.267515e+01
1.300325e+02 3.267565e+01
1.300062e+02 3.268109e+01
1.299893e+02 3.267776e+01
1.299705e+02 3.266894e+01
1.299641e+02 3.266290e+01
1.299451e+02 3.266231e+01
>>
1.300152e+02 3.268989e+01
1.300362e+02 3.268993e+01
1.300475e+02 3.267896e+01
1.300580e+02 3.267624e+01
>>
1.299272e+02 3.267213e+01
1.299474e+02 3.267493e+01
1.299580e+02 3.267221e+01
1.299717e+02 3.267388e+01
1.299867e+02 3.267556e+01
>>
1.299670e+02 3.267662e+01
1.299505e+02 3.268317e+01
>>
1.304922e+02 3.270513e+01
1.304798e+02 3.270680e+01
1.304713e+02 3.270408e+01
1.304595e+02 3.269808e+01
1.304452e+02 3.269756e+01
1.304426e+02 3.269757e+01
1.304230e+02 3.269650e+01
1.304119e+02 3.269378e+01
1.304087e+02 3.269215e+01
1.303943e+02 3.268889e+01
1.303819e+02 3.269382e+01
1.303643e+02 3.269768e+01
1.303435e+02 3.269991e+01
1.303383e+02 3.269993e+01
1.303222e+02 3.270437e+01
1.302997e+02 3.271210e+01
1.302726e+02 3.271388e+01
1.302578e+02 3.272636e+01
1.302524e+02 3.271761e+01
1.302383e+02 3.271054e+01
1.302370e+02 3.270890e+01
1.302219e+02 3.270550e+01
1.301900e+02 3.270706e+01
>>
1.304890e+02 3.271719e+01
1.304622e+02 3.270957e+01
>>
1.302455e+02 3.275094e+01
1.302647e+02 3.274601e+01
1.302934e+02 3.274055e+01
1.303073e+02 3.272465e+01
1.303259e+02 3.271693e+01
1.303473e+02 3.270864e+01
1.303597e+02 3.270152e+01
1.303806e+02 3.269984e+01
1.303982e+02 3.270146e+01
>>
1.303054e+02 3.272684e+01
1.302912e+02 3.273074e+01
1.302816e+02 3.273838e+01
>>
1.302942e+02 3.269399e+01
1.303105e+02 3.268796e+01
1.303260e+02 3.267915e+01
1.303462e+02 3.267312e+01
>>
1.303410e+02 3.268187e+01
1.303234e+02 3.268299e+01
>>
1.300880e+02 3.274153e+01
1.300886e+02 3.274263e+01
1.300984e+02 3.274760e+01
1.301214e+02 3.274873e+01
1.301411e+02 3.274764e+01
>>
1.303932e+02 3.281844e+01
1.304366e+02 3.281176e+01
1.304589e+02 3.280347e+01
1.304826e+02 3.279573e+01
1.304937e+02 3.279846e+01
>>
1.304103e+02 3.281621e+01
1.304385e+02 3.281727e+01
1.304621e+02 3.281282e+01
1.304818e+02 3.281058e+01
1.304969e+02 3.281110e+01
>>
1.304962e+02 3.281770e+01
1.304733e+02 3.281005e+01
>>
1.307518e+02 3.264302e+01
1.307576e+02 3.266033e+01
1.307588e+02 3.266353e+01
1.307645e+02 3.267484e+01
1.307658e+02 3.267754e+01
1.307664e+02 3.268024e+01
1.307740e+02 3.269755e+01
1.307910e+02 3.271330e+01
1.307909e+02 3.271439e+01
1.307955e+02 3.273127e+01
1.307968e+02 3.273618e+01
1.308013e+02 3.275419e+01
1.308045e+02 3.276348e+01
>>
1.308000e+02 3.273781e+01
1.308138e+02 3.275580e+01
>>
1.309942e+02 3.288443e+01
1.309778e+02 3.287635e+01
1.309673e+02 3.286912e+01
1.309567e+02 3.286096e+01
1.309541e+02 3.285933e+01
1.309528e+02 3.285768e+01
1.309356e+02 3.284903e+01
1.309232e+02 3.284360e+01
1.309219e+02 3.284306e+01
1.309041e+02 3.283049e+01
1.308831e+02 3.282511e+01
1.308707e+02 3.281638e+01
1.308596e+02 3.280380e+01
1.308590e+02 3.280325e+01
1.308485e+02 3.278905e+01
1.308465e+02 3.278742e+01
1.308242e+02 3.277217e+01
1.308157e+02 3.276126e+01
1.308026e+02 3.276185e+01
1.307829e+02 3.275370e+01
>>
1.308216e+02 3.279027e+01
1.308327e+02 3.280009e+01
1.308491e+02 3.280715e+01
>>
1.308917e+02 3.280144e+01
1.309094e+02 3.281669e+01
1.309232e+02 3.282869e+01
1.309449e+02 3.283452e+01
>>
1.309639e+02 3.285303e+01
1.309547e+02 3.283826e+01
>>
1.309534e+02 3.284656e+01
1.309324e+02 3.284241e+01
>>
1.311475e+02 3.268417e+01
1.311384e+02 3.267294e+01
1.311210e+02 3.266828e+01
1.310912e+02 3.265974e+01
>>
1.310428e+02 3.273372e+01
1.310279e+02 3.273981e+01
>>
1.310740e+02 3.272537e+01
1.310551e+02 3.272820e+01
>>
1.311676e+02 3.276447e+01
1.311611e+02 3.275906e+01
1.311396e+02 3.274777e+01
1.311240e+02 3.273972e+01
1.311032e+02 3.273878e+01
1.310845e+02 3.274163e+01
1.310832e+02 3.274164e+01
1.310624e+02 3.274396e+01
>>
1.311100e+02 3.277088e+01
1.310931e+02 3.276609e+01
>>
1.311138e+02 3.276595e+01
1.311028e+02 3.276221e+01
>>
1.311202e+02 3.275718e+01
1.311053e+02 3.275838e+01
>>
1.311182e+02 3.274248e+01
1.311351e+02 3.275598e+01
1.311578e+02 3.275854e+01
1.311681e+02 3.275028e+01
>>
1.311705e+02 3.279231e+01
1.311606e+02 3.277872e+01
>>
1.311508e+02 3.277387e+01
1.311345e+02 3.275762e+01
>>
1.311662e+02 3.275303e+01
1.311603e+02 3.274707e+01
1.311330e+02 3.273693e+01
>>
1.311700e+02 3.274536e+01
1.311499e+02 3.273898e+01
>>
