1.304213e+02 3.346645e+01
1.304060e+02 3.347048e+01
1.303948e+02 3.347750e+01
1.303806e+02 3.348508e+01
1.303722e+02 3.348845e+01
1.303712e+02 3.348927e+01
1.303604e+02 3.349389e+01
1.303495e+02 3.349906e+01
1.303316e+02 3.351173e+01
1.303162e+02 3.352001e+01
1.302998e+02 3.353208e+01
1.302859e+02 3.353346e+01
1.302718e+02 3.354074e+01
>>
1.304306e+02 3.345739e+01
1.304460e+02 3.345191e+01
1.304620e+02 3.344446e+01
1.304819e+02 3.343582e+01
>>
1.303889e+02 3.348428e+01
1.304047e+02 3.347887e+01
1.304120e+02 3.347223e+01
>>
1.304388e+02 3.338819e+01
1.304335e+02 3.339421e+01
1.304218e+02 3.340912e+01
1.304112e+02 3.342164e+01
1.304006e+02 3.343542e+01
1.303851e+02 3.344921e+01
1.303721e+02 3.346674e+01
>>
1.304406e+02 3.340101e+01
1.304297e+02 3.340585e+01
1.304180e+02 3.341884e+01
>>
1.302482e+02 3.332944e+01
1.302344e+02 3.332514e+01
1.302136e+02 3.332014e+01
>>
1.302496e+02 3.332665e+01
1.302401e+02 3.332071e+01
1.302262e+02 3.331320e+01
>>
1.302713e+02 3.333826e+01
1.302944e+02 3.334427e+01
1.303187e+02 3.334602e+01
>>
1.303307e+02 3.334318e+01
1.303148e+02 3.333685e+01
>>
1.303725e+02 3.333471e+01
1.303538e+02 3.333634e+01
>>
1.305494e+02 3.355226e+01
1.305412e+02 3.357030e+01
1.305407e+02 3.357241e+01
1.305278e+02 3.358631e+01
1.305149e+02 3.360056e+01
1.304929e+02 3.361737e+01
1.304788e+02 3.363406e+01
>>
1.301894e+02 3.381634e+01
1.301804e+02 3.384840e+01
>>
1.301784e+02 3.379569e+01
1.301898e+02 3.379238e+01
1.302000e+02 3.378540e+01
1.302076e+02 3.377334e+01
>>
1.302652e+02 3.373636e+01
1.302583e+02 3.374069e+01
1.302413e+02 3.374972e+01
1.302304e+02 3.375697e+01
>>
1.313136e+02 3.374667e+01
1.313060e+02 3.374869e+01
1.312924e+02 3.376867e+01
1.312849e+02 3.379370e+01
1.312774e+02 3.380900e+01
1.312720e+02 3.382404e+01
1.312644e+02 3.383954e+01
>>
1.313267e+02 3.379592e+01
1.313204e+02 3.378642e+01
1.313065e+02 3.378065e+01
>>
1.313655e+02 3.387713e+01
1.313643e+02 3.387237e+01
1.313594e+02 3.386527e+01
1.313549e+02 3.385582e+01
1.313505e+02 3.384304e+01
1.313413e+02 3.382568e+01
1.313270e+02 3.380287e+01
>>
1.313826e+02 3.390062e+01
1.313810e+02 3.389444e+01
1.313740e+02 3.388799e+01
1.313614e+02 3.387956e+01
>>
1.313658e+02 3.381475e+01
1.313542e+02 3.380060e+01
1.313466e+02 3.379374e+01
1.313371e+02 3.378790e+01
1.313379e+02 3.377935e+01
1.313296e+02 3.377026e+01
>>
1.313817e+02 3.381292e+01
1.313818e+02 3.382559e+01
1.313867e+02 3.383593e+01
1.313924e+02 3.384293e+01
1.313997e+02 3.385331e+01
>>
1.313719e+02 3.376165e+01
1.313848e+02 3.377656e+01
1.313967e+02 3.378662e+01
1.314090e+02 3.380136e+01
1.314129e+02 3.381127e+01
1.314185e+02 3.381788e+01
1.314321e+02 3.382474e+01
1.314410e+02 3.382833e+01
>>
1.314313e+02 3.382442e+01
1.314341e+02 3.383276e+01
1.314398e+02 3.383807e+01
1.314466e+02 3.383598e+01
>>
1.314454e+02 3.383633e+01
1.314434e+02 3.384578e+01
1.314430e+02 3.384883e+01
>>
1.314929e+02 3.389637e+01
1.314887e+02 3.388713e+01
1.314780e+02 3.387424e+01
1.314621e+02 3.385945e+01
1.314455e+02 3.384914e+01
>>
1.314491e+02 3.386163e+01
1.314528e+02 3.386805e+01
1.314662e+02 3.387472e+01
1.314764e+02 3.387734e+01
1.314846e+02 3.388512e+01
>>
1.314844e+02 3.387178e+01
1.314939e+02 3.388364e+01
1.315046e+02 3.389382e+01
1.315121e+02 3.390374e+01
1.315172e+02 3.391268e+01
1.315280e+02 3.392229e+01
>>
1.313157e+02 3.396767e+01
1.313220e+02 3.398816e+01
1.313362e+02 3.401383e+01
1.313433e+02 3.402867e+01
1.313537e+02 3.404481e+01
1.313703e+02 3.406291e+01
1.313863e+02 3.408634e+01
>>
